25 3 179 60
51 27 23 4 72 81 76 83 53 100 1 53 17 53 70 80 10 24 59 35 57 79 75 62 48 
18 11 2 4 44 18 2 9 6 10 32 40 18 1 11 39 20 31 35 47 26 50 38 40 18
92 60 0 10 44 6 56 0 55 63 0 0 85 0 9 46 62 35 66 0 7 63 79 14 
0 0 13 0 43 68 0 20 18 0 72 0 74 16 49 0 78 0 21 1 15 73 24 
7 6 97 34 63 24 0 6 46 42 27 10 42 54 0 94 33 11 0 0 0 0 
47 64 95 0 0 40 25 100 0 38 3 30 52 0 0 21 14 41 7 0 0 
27 20 0 25 3 32 0 73 21 18 0 0 93 67 0 74 67 54 0 21 
0 96 42 0 0 8 80 63 72 25 0 0 0 66 0 83 0 60 89 
0 50 88 25 90 7 29 15 47 0 0 2 0 69 1 3 12 0 
92 97 56 74 0 81 0 0 3 15 36 48 37 26 57 66 20 
93 47 16 0 27 92 5 52 41 87 44 0 27 0 50 0 
86 0 44 30 0 0 26 87 0 0 10 42 51 0 96 
0 89 39 39 0 91 0 84 30 8 0 0 59 0 
0 87 62 88 0 42 0 47 78 69 2 14 0 
59 96 5 52 87 39 0 0 0 37 53 48 
88 0 19 37 70 28 21 11 9 5 0 
11 0 0 56 5 0 20 70 6 0 
44 93 49 35 99 47 100 97 51 
81 72 49 5 23 95 31 100 
0 48 87 7 65 0 39 
55 29 30 21 20 33 
1 0 32 54 0 
68 2 71 50 
0 89 82 
65 75 
4 
