30 2 164 60
0 13 60 95 37 2 88 6 6 82 1 69 4 44 4 76 36 30 25 30 38 56 27 0 32 37 63 74 80 37 
13 31 8 4 34 21 13 22 5 1 22 40 25 48 30 46 14 39 41 13 1 43 16 7 16 1 23 37 47 13
0 51 7 0 0 61 0 28 0 72 0 7 46 86 30 0 0 0 0 13 18 69 0 0 95 49 2 54 0 
72 89 48 70 89 0 88 0 0 0 5 21 59 89 25 0 0 15 0 0 38 0 86 0 0 0 0 16 
63 0 0 0 63 0 0 0 91 70 94 0 62 0 100 0 52 0 86 0 0 68 5 2 0 0 16 
0 74 0 25 23 15 0 81 0 0 46 0 10 0 44 23 45 80 87 99 0 0 85 0 0 0 
82 0 45 0 0 0 0 34 40 0 30 0 33 82 0 0 79 63 0 2 33 95 0 0 0 
0 0 99 84 28 0 0 36 0 17 0 0 0 0 25 0 0 0 0 0 0 33 79 0 
0 0 37 47 3 17 83 23 0 87 0 11 0 5 77 0 10 35 4 28 0 76 0 
23 0 0 62 0 28 75 0 70 0 0 74 88 0 0 0 0 40 0 57 32 0 
88 1 19 10 49 34 0 19 0 0 0 46 25 88 0 81 54 0 83 0 0 
83 0 0 0 0 51 0 73 41 0 10 77 64 0 44 19 90 0 57 0 
5 21 0 95 0 53 0 0 90 71 0 72 0 0 0 27 0 0 0 
86 0 0 0 0 69 58 0 2 0 37 100 0 2 18 86 11 0 
0 95 3 3 11 20 0 0 43 0 0 0 76 68 21 0 57 
96 33 86 91 0 0 0 0 0 25 65 33 0 87 0 5 
0 26 0 49 41 0 82 0 38 78 0 0 0 0 0 
79 0 25 0 0 53 59 0 0 37 86 88 92 92 
11 0 0 17 26 20 61 57 0 9 61 0 0 
70 0 0 0 0 0 0 74 0 0 0 1 
0 27 21 42 4 35 0 0 46 85 87 
0 0 6 66 0 62 59 80 91 0 
0 68 42 81 36 67 93 67 42 
90 0 69 0 0 0 0 0 
92 28 0 0 84 0 30 
0 0 60 0 74 81 
0 0 0 66 29 
27 0 95 0 
0 0 0 
85 78 
0 
